4294967294,5
4294967293,131
4294967293,130
4294967293,129
4294967293,128
4294967293,127
4294967293,126
4294967293,125
4294967293,124
4294967293,123
4294967293,122
4294967293,121
4294967293,120
4294967293,119
4294967293,118
4294967293,117
4294967293,116
4294967293,115
4294967293,114
4294967293,113
4294967293,112
4294967293,111
4294967293,110
4294967293,109
4294967293,108
4294967293,107
4294967293,106
4294967293,105
4294967293,104
4294967293,103
4294967293,102
4294967293,101
4294967293,100
4294967293,99
4294967293,98
4294967293,97
4294967293,96
4294967293,95
4294967293,94
4294967293,93
4294967293,92
4294967293,91
4294967293,90
4294967293,89
4294967293,87
4294967293,86
4294967293,85
4294967293,84
4294967293,83
4294967293,82
4294967293,81
4294967293,80
4294967293,79
4294967293,78
4294967293,77
4294967293,76
4294967293,75
4294967293,74
4294967293,73
4294967293,72
4294967293,71
4294967293,70
4294967293,69
4294967293,68
4294967293,67
4294967293,66
4294967293,65
4294967293,64
4294967293,63
4294967293,62
4294967293,61
4294967293,60
4294967293,59
4294967293,58
4294967293,57
4294967293,56
4294967293,55
4294967293,54
4294967293,53
4294967293,52
4294967293,51
4294967293,50
4294967293,49
4294967293,48
4294967293,47
4294967293,46
4294967293,45
4294967293,44
4294967293,43
4294967293,42
4294967293,41
4294967293,40
4294967293,39
4294967293,38
4294967293,37
4294967293,36
4294967293,35
4294967293,34
4294967293,33
4294967293,32
4294967293,31
4294967293,30
4294967293,29
4294967293,28
4294967293,27
4294967293,26
4294967293,25
4294967293,24
4294967293,23
4294967293,22
4294967293,21
4294967293,20
4294967293,19
4294967293,18
4294967293,17
4294967293,16
4294967293,15
4294967293,14
4294967293,13
4294967293,12
4294967293,11
4294967293,10
4294967293,9
4294967293,8
4294967293,7
4294967293,6
4294967293,5
4294967293,4
4294967293,3
4294967278,391
4294967278,128
4294967278,347
4294967278,127
4294967278,281
4294967278,123
4294967278,346
4294967278,122
4294967278,336
4294967278,118
4294967278,423
4294967278,117
4294967278,279
4294967278,116
4294967278,277
4294967278,115
4294967278,422
4294967278,114
4294967278,235
4294967278,112
4294967278,387
4294967278,108
4294967278,321
4294967278,107
4294967278,314
4294967278,106
4294967278,313
4294967278,105
4294967278,421
4294967278,104
4294967278,420
4294967278,103
4294967278,419
4294967278,102
4294967278,447
4294967278,101
4294967278,446
4294967278,100
4294967278,320
4294967278,99
4294967278,355
4294967278,96
4294967278,436
4294967278,92
4294967278,317
4294967278,91
4294967278,316
4294967278,90
4294967278,89
4294967278,411
4294967278,87
4294967278,429
4294967278,85
4294967278,344
4294967278,84
4294967278,445
4294967278,83
4294967278,334
4294967278,312
4294967278,82
4294967278,331
4294967278,427
4294967278,81
4294967278,366
4294967278,79
4294967278,292
4294967278,78
4294967278,311
4294967278,77
4294967278,309
4294967278,76
4294967278,74
4294967278,379
4294967278,71
4294967278,310
4294967278,70
4294967278,88
4294967278,374
4294967278,65
4294967278,64
4294967278,441
4294967278,63
4294967278,62
4294967278,61
4294967278,324
4294967278,58
4294967278,308
4294967278,307
4294967278,51
4294967278,48
4294967278,47
4294967278,43
4294967278,41
4294967278,38
4294967278,37
4294967278,36
4294967278,305
4294967278,33
4294967278,32
4294967278,31
4294967278,304
4294967278,28
4294967278,27
4294967278,26
4294967278,23
4294967278,22
4294967278,21
4294967278,19
4294967278,17
4294967278,16
4294967278,14
4294967278,13
4294967278,303
4294967278,348
4294967278,0
4294967278,260
4294967278,301
4294967279,116
4294967279,115
4294967279,482
4294967279,114
4294967279,113
4294967279,112
4294967279,111
4294967279,110
4294967279,109
4294967279,108
4294967279,107
4294967279,106
4294967279,105
4294967279,104
4294967279,103
4294967279,102
4294967279,101
4294967279,100
4294967279,99
4294967279,98
4294967279,97
4294967279,96
4294967279,95
4294967279,94
4294967279,93
4294967279,92
4294967279,91
4294967279,90
4294967279,89
4294967279,87
4294967279,86
4294967279,85
4294967279,325
4294967279,84
4294967279,83
4294967279,455
4294967279,453
4294967279,78
4294967279,414
4294967279,311
4294967279,71
4294967279,70
4294967279,68
4294967279,67
4294967279,481
4294967279,450
4294967279,63
4294967279,480
4294967279,479
4294967279,60
4294967279,478
4294967279,59
4294967279,57
4294967279,470
4294967279,55
4294967279,301
4294967279,477
4294967279,48
4294967279,43
4294967279,467
4294967279,37
4294967279,473
4294967279,472
4294967279,278
4294967279,291
4294967279,20
4294967279,483
4294967279,15
4294967279,317
4294967279,9
4294967279,2
4294967279,0
4294967279,260
4294967279,281
4294967279,4
4294967294,1037
4294967294,1036
4294967294,1034
4294967294,46
4294967294,82
4294967294,1033
4294967294,455
4294967294,965
4294967294,1346
4294967294,1254
4294967294,577
4294967294,413
4294967294,435
4294967294,992
4294967294,409
4294967294,8
4294967294,475
4294967294,1378
4294967294,106
4294967294,107
4294967294,872
4294967294,871
4294967294,870
4294967294,869
4294967294,868
4294967294,867
4294967294,866
4294967294,865
4294967294,735
4294967294,864
4294967294,863
4294967294,862
4294967294,861
4294967294,860
4294967294,859
4294967294,858
4294967294,857
4294967294,856
4294967294,855
4294967294,854
4294967294,853
4294967294,852
4294967294,851
4294967294,850
4294967294,849
4294967294,848
4294967294,847
4294967294,846
4294967294,845
4294967294,844
4294967294,843
4294967294,842
4294967294,841
4294967294,840
4294967294,839
4294967294,1154
4294967294,838
4294967294,837
4294967294,836
4294967294,835
4294967294,834
4294967294,833
4294967294,832
4294967294,319
4294967294,318
4294967294,317
4294967294,1309
4294967294,316
4294967294,315
4294967294,1217
4294967294,314
4294967294,731
4294967294,313
4294967294,312
4294967294,311
4294967294,310
4294967294,309
4294967294,308
4294967294,307
4294967294,306
4294967294,305
4294967294,304
4294967294,303
4294967294,302
4294967294,301
4294967294,300
4294967294,299
4294967294,1359
4294967294,298
4294967294,297
4294967294,296
4294967294,295
4294967294,294
4294967294,293
4294967294,292
4294967294,291
4294967294,290
4294967294,289
4294967294,288
4294967294,287
4294967294,286
4294967294,285
4294967294,284
4294967294,283
4294967294,1356
4294967294,282
4294967294,281
4294967294,280
4294967294,279
4294967294,278
4294967294,277
4294967294,276
4294967294,275
4294967294,728
4294967294,274
4294967294,273
4294967294,272
4294967294,271
4294967294,270
4294967294,269
4294967294,268
4294967294,1375
4294967294,267
4294967294,266
4294967294,265
4294967294,264
4294967294,263
4294967294,262
4294967294,261
4294967294,1247
4294967294,260
4294967294,259
4294967294,258
4294967294,257
4294967294,256
4294967294,255
4294967294,254
4294967294,253
4294967294,252
4294967294,251
4294967294,250
4294967294,249
4294967294,248
4294967294,247
4294967294,246
4294967294,245
4294967294,244
4294967294,243
4294967294,242
4294967294,241
4294967294,240
4294967294,239
4294967294,237
4294967294,236
4294967294,234
4294967294,233
4294967294,232
4294967294,231
4294967294,230
4294967294,229
4294967294,228
4294967294,227
4294967294,226
4294967294,225
4294967294,224
4294967294,223
4294967294,222
4294967294,221
4294967294,220
4294967294,219
4294967294,218
4294967294,217
4294967294,216
4294967294,215
4294967294,214
4294967294,213
4294967294,212
4294967294,211
4294967294,210
4294967294,209
4294967294,208
4294967294,733
4294967294,207
4294967294,725
4294967294,206
4294967294,723
4294967294,205
4294967294,204
4294967294,203
4294967294,202
4294967294,201
4294967294,200
4294967294,199
4294967294,198
4294967294,197
4294967294,196
4294967294,195
4294967294,721
4294967294,194
4294967294,193
4294967294,192
4294967294,831
4294967294,830
4294967294,829
4294967294,828
4294967294,827
4294967294,826
4294967294,825
4294967294,824
4294967294,823
4294967294,822
4294967294,821
4294967294,820
4294967294,819
4294967294,818
4294967294,817
4294967294,816
4294967294,815
4294967294,963
4294967294,814
4294967294,813
4294967294,812
4294967294,811
4294967294,810
4294967294,809
4294967294,808
4294967294,807
4294967294,806
4294967294,805
4294967294,804
4294967294,716
4294967294,803
4294967294,802
4294967294,801
4294967294,800
4294967294,799
4294967294,186
4294967294,798
4294967294,797
4294967294,796
4294967294,795
4294967294,794
4294967294,793
4294967294,792
4294967294,791
4294967294,790
4294967294,789
4294967294,788
4294967294,994
4294967294,787
4294967294,786
4294967294,785
4294967294,784
4294967294,783
4294967294,782
4294967294,781
4294967294,780
4294967294,779
4294967294,778
4294967294,777
4294967294,776
4294967294,775
4294967294,774
4294967294,773
4294967294,711
4294967294,772
4294967294,771
4294967294,770
4294967294,714
4294967294,769
4294967294,768
4294967294,703
4294967294,702
4294967294,701
4294967294,700
